[Normal]
; This region info generated by Winamp region.txt generator which is made by Maxim.
; http://winamp.mwos.cjb.net

NumPoints=4,4,4,4,4,4,4,4,4,4,4,4,4,4,4,4,4,4,4,4,4,4,4,4,4,4,4,4,4,4,4,4,4,4,4,4,4,4,4,4,4,4,4,4,4,4,4,4,4,4,4,4,4,4,4,4,4,4,4,4,4,4,4,4,4,4,4,4,4,4,4,4,4,4,4,4,4
PointList=246,2 252,2 252,113 246,113 256,2 262,2 262,103 256,103 266,2 272,2 272,93 266,93 245,3 252,3 252,113 245,113 255,3 262,3 262,103 255,103 265,3 272,3 272,93 265,93 9,4 20,4 20,13 9,13 29,4 100,4 100,114 29,114 244,4 252,4 252,113 244,113 254,4 262,4 262,103 254,103 264,4 272,4 272,93 264,93 8,5 20,5 20,13 8,13 28,5 100,5 100,114 28,114 243,5 252,5 252,113 243,113 253,5 262,5 262,103 253,103 263,5 272,5 272,93 263,93 7,6 20,6 20,13 7,13 27,6 100,6 100,114 27,114 6,7 20,7 20,13 6,13 26,7 100,7 100,114 26,114 25,8 100,8 100,114 25,114 24,9 100,9 100,114 24,114 23,10 100,10 100,114 23,114 11,13 20,13 20,66 11,66 20,14 190,14 190,84 20,84 190,14 275,14 275,36 190,36 10,18 190,18 190,66 10,66 9,19 190,19 190,66 9,66 8,20 190,20 190,66 8,66 218,36 274,36 274,91 218,91 274,36 275,36 275,90 274,90 190,49 253,49 253,112 190,112 17,66 275,66 275,84 17,84 16,67 275,67 275,84 16,84 15,68 275,68 275,84 15,84 100,84 251,84 251,114 100,114 22,86 251,86 251,114 22,114 21,87 251,87 251,114 21,114 20,88 251,88 251,114 20,114 19,89 251,89 251,114 19,114 18,90 251,90 251,114 18,114 17,91 251,91 251,114 17,114 262,91 268,91 268,97 262,97 272,91 273,91 273,92 272,92 16,92 251,92 251,114 16,114 15,93 251,93 251,114 15,114 268,93 270,93 270,95 268,95 270,93 271,93 271,94 270,94 14,94 251,94 251,114 14,114 13,95 251,95 251,114 13,114 268,95 269,95 269,96 268,96 12,96 251,96 251,114 12,114 11,97 251,97 251,114 11,114 262,97 265,97 265,100 262,100 265,97 267,97 267,98 265,98 10,98 251,98 251,114 10,114 265,98 266,98 266,99 265,99 9,99 251,99 251,114 9,114 8,100 251,100 251,114 8,114 262,100 264,100 264,101 262,101 7,101 251,101 251,114 7,114 262,101 263,101 263,102 262,102 6,102 251,102 251,114 6,114 5,103 251,103 251,114 5,114 253,103 258,103 258,107 253,107 258,103 260,103 260,105 258,105 260,103 261,103 261,104 260,104 4,104 251,104 251,114 4,114 3,105 251,105 251,114 3,114 258,105 259,105 259,106 258,106 2,106 251,106 251,114 2,114 1,107 251,107 251,114 1,114 253,107 256,107 256,109 253,109 256,107 257,107 257,108 256,108 0,108 251,108 251,114 0,114 253,109 255,109 255,110 253,110 253,110 254,110 254,111 253,111


[Equalizer]

NumPoints=4,4,4,4,4,4,4,4,4,4,4,4,4,4,4,4,4,4,4,4,4,4,4,4,4,4,4,4,4,4,4,4,4,4,4,4,4,4,4,4,4,4,4,4,4,4,4,4,4,4,4,4,4,4,4,4,4,4,4,4,4,4,4,4,4,4,4,4,4,4,4,4,4,4,4,4,4,4,4,4,4,4,4,4,4,4,4,4,4,4,4,4,4,4,4,4,4,4,4,4
PointList=97,0 168,0 168,38 97,38 96,1 168,1 168,38 96,38 95,2 168,2 168,38 95,38 94,3 168,3 168,38 94,38 93,4 168,4 168,38 93,38 257,4 263,4 263,36 257,36 267,4 273,4 273,26 267,26 92,5 213,5 213,38 92,38 256,5 263,5 263,36 256,36 266,5 273,5 273,26 266,26 91,6 213,6 213,38 91,38 255,6 263,6 263,36 255,36 265,6 273,6 273,26 265,26 254,7 263,7 263,36 254,36 264,7 273,7 273,26 264,26 90,12 213,12 213,38 90,38 89,13 213,13 213,38 89,38 88,14 213,14 213,38 88,38 12,15 261,15 261,38 12,38 263,15 273,15 273,26 263,26 11,16 261,16 261,38 11,38 10,17 261,17 261,38 10,38 9,18 261,18 261,38 9,38 8,24 261,24 261,38 8,38 7,25 261,25 261,38 7,38 6,26 261,26 261,38 6,38 263,26 268,26 268,31 263,31 268,26 271,26 271,28 268,28 271,26 272,26 272,27 271,27 5,27 261,27 261,38 5,38 4,28 261,28 261,38 4,38 268,28 270,28 270,29 268,29 3,29 261,29 261,38 3,38 268,29 269,29 269,30 268,30 2,30 261,30 261,38 2,38 1,31 261,31 261,38 1,38 263,31 266,31 266,33 263,33 266,31 267,31 267,32 266,32 0,32 261,32 261,38 0,38 263,33 265,33 265,34 263,34 263,34 264,34 264,35 263,35 261,36 262,36 262,37 261,37 21,38 38,38 38,115 21,115 44,38 63,38 63,46 44,46 78,38 95,38 95,115 78,115 96,38 113,38 113,115 96,115 114,38 131,38 131,115 114,115 132,38 149,38 149,115 132,115 150,38 167,38 167,115 150,115 168,38 185,38 185,115 168,115 186,38 203,38 203,115 186,115 204,38 221,38 221,115 204,115 222,38 239,38 239,115 222,115 240,38 257,38 257,109 240,109 49,46 63,46 63,115 49,115 38,85 251,85 251,115 38,115 257,85 269,85 269,97 257,97 269,85 275,85 275,91 269,91 20,89 251,89 251,115 20,115 19,90 251,90 251,115 19,115 18,91 251,91 251,115 18,115 269,91 272,91 272,94 269,94 272,91 274,91 274,92 272,92 17,92 251,92 251,115 17,115 272,92 273,92 273,93 272,93 16,93 251,93 251,115 16,115 15,94 251,94 251,115 15,115 269,94 271,94 271,95 269,95 14,95 251,95 251,115 14,115 269,95 270,95 270,96 269,96 13,96 251,96 251,115 13,115 12,97 251,97 251,115 12,115 257,97 263,97 263,103 257,103 263,97 266,97 266,100 263,100 266,97 268,97 268,98 266,98 11,98 251,98 251,115 11,115 266,98 267,98 267,99 266,99 10,99 251,99 251,115 10,115 9,100 251,100 251,115 9,115 263,100 265,100 265,101 263,101 8,101 251,101 251,115 8,115 263,101 264,101 264,102 263,102 7,102 251,102 251,115 7,115 6,103 251,103 251,115 6,115 257,103 260,103 260,106 257,106 260,103 262,103 262,104 260,104 5,104 251,104 251,115 5,115 260,104 261,104 261,105 260,105 4,105 251,105 251,115 4,115 3,106 251,106 251,115 3,115 257,106 259,106 259,107 257,107 2,107 251,107 251,115 2,115 257,107 258,107 258,108 257,108 1,108 251,108 251,115 1,115 0,109 251,109 251,115 0,115 251,109 254,109 254,112 251,112 254,109 256,109 256,110 254,110 254,110 255,110 255,111 254,111 251,112 253,112 253,113 251,113 251,113 252,113 252,114 251,114



[WindowShade]

NumPoints=4,4,4,4,4,4,4,4,4,4,4,4,4,4,4,4,4,4,4,4,4,4,4,4,4,4,4,4,4,4,4,4,4,4,4,4,4,4,4,4,4,4,4,4,4,4,4
PointList=79,0 119,0 119,13 79,13 119,0 161,0 161,11 119,11 78,1 119,1 119,13 78,13 77,2 119,2 119,13 77,13 246,2 252,2 252,8 246,8 256,2 262,2 262,8 256,8 266,2 272,2 272,8 266,8 76,3 119,3 119,13 76,13 161,3 173,3 173,12 161,12 173,3 176,3 176,9 173,9 179,3 185,3 185,9 179,9 189,3 195,3 195,9 189,9 199,3 205,3 205,9 199,9 209,3 215,3 215,9 209,9 219,3 242,3 242,12 219,12 242,3 250,3 250,10 242,10 255,3 261,3 261,9 255,9 265,3 271,3 271,9 265,9 9,4 119,4 119,13 9,13 178,4 184,4 184,10 178,10 188,4 194,4 194,10 188,10 198,4 204,4 204,10 198,10 208,4 214,4 214,10 208,10 218,4 242,4 242,12 218,12 254,4 260,4 260,10 254,10 264,4 270,4 270,10 264,10 8,5 119,5 119,13 8,13 177,5 183,5 183,11 177,11 187,5 193,5 193,11 187,11 197,5 203,5 203,11 197,11 207,5 213,5 213,11 207,11 217,5 242,5 242,12 217,12 253,5 259,5 259,11 253,11 263,5 269,5 269,11 263,11 7,6 119,6 119,13 7,13 176,6 182,6 182,12 176,12 185,6 251,6 251,9 185,9 6,7 119,7 119,13 6,13 173,9 175,9 175,10 173,10 186,9 192,9 192,12 186,12 196,9 202,9 202,12 196,12 206,9 212,9 212,12 206,12 216,9 242,9 242,12 216,12 173,10 174,10 174,11 173,11 242,10 249,10 249,11 242,11 119,11 120,11 120,12 119,12 157,11 173,11 173,12 157,12


[EqualizerWS]

NumPoints=4,4,4,4,4,4,4,4,4,4,4,4,4,4,4,4,4,4,4,4,4,4,4,4,4
PointList=8,0 19,0 19,11 8,11 7,1 18,1 18,12 7,12 6,2 17,2 17,13 6,13 5,3 16,3 16,14 5,14 31,3 159,3 159,12 31,12 159,3 162,3 162,10 159,10 164,3 242,3 242,12 164,12 242,3 245,3 245,9 242,9 30,4 159,4 159,12 30,12 163,4 242,4 242,12 163,12 257,4 263,4 263,10 257,10 267,4 273,4 273,10 267,10 29,5 159,5 159,12 29,12 162,5 242,5 242,12 162,12 256,5 262,5 262,11 256,11 266,5 272,5 272,11 266,11 28,6 159,6 159,12 28,12 255,6 261,6 261,12 255,12 265,6 271,6 271,12 265,12 254,7 260,7 260,13 254,13 264,7 270,7 270,13 264,13 242,9 244,9 244,10 242,10 159,10 160,10 160,11 159,11 161,10 242,10 242,12 161,12 242,10 243,10 243,11 242,11



